0.005872011185
0.004796028137
0.004315853119
0.005589008331
0.006046056747
0.004039049149
0.00394487381
0.003275156021
0.004668951035
0.005375862122
0.00400519371
0.005975008011
0.006829977036
0.006454944611
0.003695964813
0.00413608551
0.003182172775
0.008148908615
0.005764961243
0.004576921463
0.004659175873
0.004182100296
0.003524065018
0.003262042999
0.00506901741
0.004173994064
0.003014087677
0.002720117569
0.006575107574
0.005383014679
0.005069971085
0.003480911255
0.00510597229
0.01020002365
0.005453109741
0.008121967316
0.003736019135
0.004586935043
0.004875898361
0.00324511528
0.003983974457
0.006953954697
0.004536867142
0.006958007813
0.00412607193
0.006608009338
0.004724025726
0.004389047623
0.004326105118
0.004541873932
0.003782987595
0.003800153732
0.005863904953
0.003170967102
0.00351190567
0.003268957138
0.003970861435
0.003299951553
0.004013061523
0.002417802811
0.003453016281
0.003080129623
0.00412106514
0.003221988678
0.003283977509
0.002715826035
0.003935098648
0.00444483757
0.002691984177
0.002804040909
0.003367900848
0.002171993256
0.00374007225
0.004003047943
0.002668857574
0.003022193909
0.004118919373
0.003981113434
0.003898859024
0.003338098526
0.003210067749
0.00285410881
0.004570960999
0.003154039383
0.004693984985
0.003671169281
0.003290176392
0.00509095192
0.002002954483
0.002918958664
0.003108978271
0.00513792038
0.002804994583
0.003953933716
0.002361059189
0.00256896019
0.003306150436
0.00341296196
0.004281997681
0.00426697731
