0.0697829723358
0.0278749465942
0.041916847229
0.00477886199951
0.0444190502167
0.0402150154114
0.0169198513031
0.00229120254517
0.00580286979675
0.00898003578186
0.00476384162903
0.0134100914001
0.0154938697815
0.0123460292816
0.0117840766907
0.0372710227966
0.0102741718292
0.0330038070679
0.00786304473877
0.0303421020508
0.00228691101074
0.0284008979797
0.00958299636841
0.00891804695129
0.0272679328918
0.00864696502686
0.0651481151581
0.0345659255981
0.00459980964661
0.0390431880951
0.00610709190369
0.0246350765228
0.0175158977509
0.00293493270874
0.0110719203949
0.00388979911804
0.0155329704285
0.0110638141632
0.0095419883728
0.00514888763428
0.00379800796509
0.00691604614258
0.0275850296021
0.0272920131683
0.0164439678192
0.0305528640747
0.0339648723602
0.0461249351501
0.00789284706116
0.0132641792297
0.0555980205536
0.00524616241455
0.00477313995361
0.014680147171
0.0117499828339
0.00628590583801
0.0652539730072
0.0672628879547
0.00619411468506
0.0381798744202
0.0081729888916
0.0393080711365
0.0193028450012
0.00556898117065
0.00205206871033
0.0274949073792
0.0257730484009
0.00737404823303
0.0154750347137
0.00384306907654
0.00581383705139
0.00476694107056
0.0507419109344
0.0364940166473
0.0409920215607
0.0137369632721
0.00782799720764
0.00981688499451
0.012256860733
0.0147731304169
0.0169289112091
0.0371499061584
0.00663185119629
0.0027449131012
0.00597500801086
0.0167329311371
0.0100948810577
0.0389869213104
0.0018482208252
0.0144798755646
0.0135979652405
0.0106420516968
0.00798487663269
0.00250387191772
0.0347189903259
0.0242969989777
0.00479602813721
0.00376796722412
0.00418496131897
0.0077588558197
