0.0103230476379
0.0161111354828
0.0100338459015
0.00745797157288
0.0104739665985
0.00754809379578
0.00874805450439
0.00651001930237
0.00810503959656
0.006267786026
0.0062689781189
0.00598406791687
0.00703406333923
0.0059130191803
0.0155618190765
0.00790596008301
0.00671601295471
0.00818490982056
0.00649094581604
0.0123219490051
0.00728988647461
0.0140759944916
0.0177810192108
0.0122740268707
0.0129339694977
0.0103561878204
0.00891995429993
0.0156149864197
0.00946712493896
0.0081582069397
0.00759506225586
0.00761008262634
0.00813102722168
0.00637793540955
0.00646710395813
0.00610303878784
0.00584101676941
0.00470304489136
0.00564503669739
0.00560808181763
0.00457501411438
0.00718307495117
0.00566506385803
0.00629210472107
0.00725507736206
0.00599002838135
0.00761198997498
0.00523090362549
0.00710105895996
0.00785112380981
0.00617003440857
0.0103209018707
0.0065860748291
0.00746893882751
0.00784993171692
0.00700116157532
0.00574707984924
0.00647592544556
0.0045862197876
0.00614380836487
0.00572180747986
0.00459218025208
0.00554203987122
0.00548005104065
0.00665712356567
0.00661087036133
0.00509595870972
0.00783801078796
0.00661206245422
0.00784301757812
0.00792503356934
0.00746297836304
0.00531482696533
0.00579714775085
0.00461506843567
0.00586199760437
0.00686693191528
0.00339007377625
0.00561809539795
0.00461912155151
0.0142929553986
0.00521779060364
0.00632500648499
0.00787901878357
0.00851798057556
0.00504398345947
0.00835108757019
0.0108699798584
0.00829195976257
0.00747203826904
0.00981211662292
0.00688600540161
0.00615096092224
0.00474405288696
0.0046079158783
0.00792503356934
0.0080099105835
0.00518989562988
0.0100059509277
0.012610912323
