0.03818202019
0.09474086761
0.01056408882
0.1032831669
0.1077270508
0.05886387825
0.009885072708
0.01068687439
0.07766890526
0.02077889442
0.005861997604
0.02762889862
0.006929159164
0.005087137222
0.01132106781
0.04324603081
0.1071100235
0.08087110519
0.101295948
0.04195404053
0.03346204758
0.07459187508
0.006206035614
0.02651309967
0.02744698524
0.04609799385
0.0422039032
0.05186104774
0.0447909832
0.009574890137
0.0425620079
0.06065702438
0.03006005287
0.01758289337
0.06672310829
0.04871487617
0.01447296143
0.01713609695
0.0171751976
0.02520704269
0.03421497345
0.06718301773
0.07127809525
0.007784128189
0.007936000824
0.04692792892
0.01275086403
0.03388595581
0.0173740387
0.01228713989
0.02823400497
0.005053043365
0.05829000473
0.007086038589
0.04843997955
0.02625203133
0.07875990868
0.02777385712
0.008355140686
0.02635908127
0.0158238411
0.0329709053
0.04458999634
0.027987957
0.08132600784
0.04078197479
0.03241300583
0.01478815079
0.009298801422
0.02197122574
0.007681846619
0.05349111557
0.1177859306
0.0222120285
0.01145887375
0.01328086853
0.04704713821
0.04238510132
0.03830504417
0.07322502136
0.02032589912
0.05615592003
0.07910108566
0.03279304504
0.07844805717
0.02349996567
0.004456043243
0.04150700569
0.02400803566
0.0622780323
0.02975201607
0.00435590744
0.05218982697
0.04513716698
0.06004714966
0.04180502892
0.04090714455
0.03818202019
0.04905104637
0.02852988243
